4.1909
4.414142
4.521245
4.943228
5.38125
6.235445
7.955259
11.39059
12.04756
14.34781
14.6835
14.79406
16.09154
17.29302
17.93048
19.89108
20.00453
20.78237
23.27505
23.38416
24.1667
24.27173
24.82503
25.46741
26.75786
26.85833
27.5983
30.1984
31.05173
33.64653
34.05597
34.50514
34.93056
35.35824
36.6724
37.10434
37.53668
37.96131
38.39033
38.80353
39.57354
40.12376
40.34628
41.8511
42.1734
42.60696
43.47738
44.01486
44.76983
45.20277
46.4847
47.34728
49.36673
50.76715
52.04507
52.48689
53.37616
54.24645
56.4164
57.25863
58.02221
60.51674
60.6242
61.16849
61.4977
61.93605
63.45262
63.56331
64.93984
65.35918
67.0715
67.72841
68.38003
68.81198
70.35004
71.86253
73.92454
74.36564
75.66595
77.2991
79.13153
80.77008
82.07233
82.5032
84.12923
85.50878
85.94832
86.5842
87.2431
89.38601
90.77754
