1.765738
3.176954
3.282944
3.604112
3.82162
4.154983
4.471554
5.125151
6.453976
6.783255
7.111934
8.731396
8.840058
9.044999
9.160987
9.591465
10.15465
10.58965
10.70135
11.13852
11.46368
11.79452
14.42269
14.96399
15.62695
15.94862
17.02047
17.66585
18.30315
20.78961
21.43827
22.10791
22.84673
23.48276
23.80459
26.84615
27.51175
29.60968
30.48947
31.46354
32.2266
33.0975
35.04622
35.15908
35.81425
37.18455
38.49077
39.70864
39.81836
40.66987
41.10491
41.76902
42.10204
43.06935
43.49384
44.14895
44.4832
44.79981
45.1299
45.76123
46.50333
47.46506
47.7859
48.10463
48.77918
50.49436
51.46417
51.69291
53.0077
53.34422
54.45822
55.46506
57.12459
58.07254
58.29326
59.80366
60.35432
60.47306
60.921
61.45854
61.98032
62.41094
62.74634
62.8541
64.5131
65.49318
65.8192
66.14028
66.7809
67.10991
67.44754
70.29085
72.92422
73.58526
74.13522
74.69033
75.11104
75.6711
75.99127
77.39786
78.48962
79.13389
81.84661
82.81226
83.12426
84.32507
84.76039
85.42401
85.7598
86.43668
89.50214
89.82578
90.1425
91.76696
92.43385
94.14156
95.77381
98.26639
100.3074
100.9713
102.9234
103.5669
105.5085
105.6134
105.7216
