0.3733333
0.690481
1.24087
1.791097
2.243819
2.346067
2.894952
3.439245
3.867996
3.983464
4.526701
5.079649
5.62843
6.180217
6.714723
7.266881
7.8255
8.373216
8.920762
9.453353
10.0094
10.54017
11.07065
11.60932
12.15107
12.58469
12.69451
13.12355
13.23454
13.78666
14.33026
14.7684
14.88193
15.32731
15.43409
15.88602
16.00161
16.33504
16.99282
17.53459
17.64994
18.19966
18.75227
19.18872
19.30385
19.74459
19.85852
20.39365
20.93069
21.48949
22.04724
22.37
22.91994
23.14771
23.46204
23.56849
24.11046
24.55788
25.19829
25.73319
26.27211
26.82562
26.93669
27.3844
27.49417
27.93315
28.48421
29.14595
29.47491
29.58043
29.6853
30.1299
30.24669
30.77805
31.32402
31.86477
32.41173
32.73083
32.94299
33.48647
34.03144
34.57152
35.1056
35.64877
35.96938
36.1848
36.62143
37.15992
37.26708
37.79658
38.34247
38.88467
39.318
39.43659
39.65897
40.00011
40.53315
41.06649
41.60885
42.17413
42.70937
43.26346
43.79994
44.33164
44.88788
45.31422
45.42089
45.85012
45.96438
46.5008
46.93099
47.46862
47.57527
48.11712
48.66169
